68168
72426
62645
69833
61107
58876
81991
82410
63165
49331
51798
78648
65004
82975
54641
58149
44484
48979
43887
47171
84797
64961
44506
61893
83263
43978
82368
73921
60652
58313
46607
63231
62569
72461
63308
45261
89292
69636
50649
52046
69218
51142
66907
54690
83448
44033
47393
52000
83810
61509
59767
61900
55547
74558
68390
73676
86744
88974
80224
77175
67819
58796
53372
57033
45253
53525
54409
57202
77790
78878
43722
77285
78649
61347
79176
70397
60956
64321
54048
48942
69431
86088
72642
79773
53198
72431
63420
54300
61317
84422
54753
49763
60638
45813
48922
77859
57526
51011
53464
69293
62397
45429
71563
75924
66423
68113
83470
74967
60297
44323
69080
49358
72508
46523
55714
75586
83562
69213
51574
70515
80842
66194
78035
60937
65316
79013
60474
52304
79886
50928
67583
50307
74965
73798
61304
63429
53283
53313
52018
81935
81222
61015
88364
71364
46576
48821
61209
60002
62904
58305
58694
64374
67713
51735
74974
60715
63389
77682
67272
72256
68998
75046
65248
59539
79920
59334
59460
66211
43862
78368
63130
64552
76423
68941
64084
59326
69387
67405
68174
52026
61512
59220
57457
46912
48948
58891
82027
76324
61062
75135
69522
54966
47733
82394
61999
64190
51334
60552
51534
59273
69551
68737
54680
73785
66263
44605
44180
43833
52370
63613
61520
47499
61011
88871
51937
44791
56623
45982
63464
52329
63269
70279
81049
45502
50979
51948
79203
69166
64664
77669
47322
52554
58798
70567
67247
88962
65521
66666
85709
87483
80211
46424
73982
45744
58690
47284
64659
57994
60550
46460
63679
59470
45814
61186
63113
89874
60544
70301
58020
51143
58550
73588
66203
74999
69661
84042
63026
54887
58797
88960
86908
61881
47734
66265
77544
51611
58804
64089
74297
48934
80223
71529
61885
78885
73698
64782
71018
54719
78122
67698
81547
54244
53727
78401
63161
84689
51682
57580
47332
68678
47098
64913
66511
63187
84724
79867
69462
79987
61699
64079
69257
60861
48751
76795
59293
77798
44408
58496
50895
51271
69885
64966
52930
78094
73256
49515
88381
46870
63184
68237
54931
47661
69848
63543
45605
60601
80756
48313
71568
84468
63056
74964
61984
59783
57556
86956
56764
46857
75063
62541
47491
73901
72308
53725
46730
60823
85704
65380
84870
84059
81457
65620
64673
45524
64886
77861
44273
61239
57098
44893
61203
45700
64073
53752
50280
64021
47297
76292
80374
63904
89261
60683
67316
68652
64603
65799
71019
50849
47662
64328
72096
88679
46408
44248
77142
47875
72392
61656
83795
70612
47397
57342
44383
80046
46719
47587
72447
63205
58482
61511
60551
61297
70130
68167
58728
63605
59552
73866
47486
44418
48923
70680
70683
59766
82030
64194
56892
75255
63916
59288
78333
88038
81680
66238
81425
75130
87858
61896
54578
52625
75027
72072
69277
76633
46537
80785
63075
71593
64525
59807
56818
60298
73768
63484
78991
80860
65005
60807
72361
61526
51097
68488
59805
59350
73795
46301
63645
55353
63445
78650
46393
59441
76924
45676
84459
61392
64993
80118
89188
78743
54016
43957
64650
46806
67343
44381
70902
61521
48032
72476
79694
46932
62096
65131
51141
59330
68750
69008
58385
59351
65677
61365
58275
64668
61378
59007
87282
77800
76052
64193
76180
73801
46581
57748
43983
78616
50865
51387
64863
65001
64902
73044
43843
44878
80185
64943
87888
53716
45927
62927
65105
64187
43937
44086
80823
71022
64226
70669
88769
89893
64578
53907
69349
53504
59408
46592
66544
69664
48156
58914
56445
53212
68277
63219
69916
53089
62070
52211
65053
56859
76743
77825
46570
47455
72165
53294
77414
61972
62807
88096
46093
74302
67035
69515
73140
80703
68283
83919
48177
54369
65525
81139
67694
64273
60905
72501
89977
84687
63256
86731
57962
66324
79313
72694
79783
65034
44003
70938
75307
65741
47605
53349
79898
45377
61671
57985
62414
44204
65408
51222
67466
56771
72766
50528
70865
56751
57656
73608
77124
48158
53368
53900
63778
89226
60612
66028
47155
73645
63709
53341
64761
53363
44556
85933
61654
89617
64864
51506
57849
60283
46680
67764
86847
84340
87071
80666
64110
69138
65872
65637
81692
54742
53357
63021
65647
83657
57802
58383
57855
72315
69710
68171
75763
64692
64595
49704
66087
71182
77050
88875
49469
44009
72310
58290
65695
45459
56167
43827
79121
56994
45412
44417
63490
44095
80897
60565
82514
63375
59868
47000
71108
44452
54441
80347
65761
64308
60636
63357
59348
63057
73858
65038
72081
60645
64899
75231
64805
51846
46888
69172
61754
45639
43882
76224
65418
81198
79046
68384
62479
81853
81401
64798
51607
43977
63180
49024
64618
65503
59259
82177
78168
61588
75252
49897
44712
68299
71178
71062
46908
77325
47835
63544
79807
53585
46347
45973
65510
88257
46322
83740
55348
68906
78535
60921
48917
70035
60629
61470
46440
75315
44711
77906
46677
53183
53034
52556
63307
46821
46299
47233
