60899
71703
89532
65015
63768
64060
62005
89877
85586
81325
70034
81797
63306
80269
89293
70295
71816
74431
72016
65212
89212
87045
89137
73414
89876
87848
65313
67085
88655
62783
87597
73133
75196
87783
72577
85833
65615
89321
73107
89584
60963
87820
65251
80943
62544
77752
68993
87491
69940
64493
63530
89420
65998
85810
71815
72133
84954
62746
88402
82067
87747
65414
61047
74586
71260
63737
63392
87436
85694
62724
87159
89323
84273
89159
66094
65409
87551
87606
64998
78519
77462
81904
75700
88126
74538
79702
76177
66647
86756
65627
89866
88405
63873
69886
66206
67171
83530
76106
90020
78466
82152
63333
89216
73213
86107
74426
72004
66678
81340
